1.8207654356956482 Test loss (%)
99.69338178634644 Test accuracy (%)

99.65049193067017 Kappa accuracy (%)
99.69337979094077 Overall accuracy (%)
99.79864761388491 Average accuracy (%)

                              precision    recall  f1-score   support

                     Alfalfa       0.94      1.00      0.97        32
                 Corn-notill       1.00      0.99      1.00      1000
                Corn-mintill       1.00      0.99      1.00       581
                        Corn       0.99      1.00      0.99       166
               Grass-pasture       1.00      1.00      1.00       338
                 Grass-trees       0.99      1.00      1.00       511
         Grass-pasture-mowed       1.00      1.00      1.00        20
               Hay-windrowed       1.00      1.00      1.00       335
                        Oats       0.74      1.00      0.85        14
              Soybean-notill       1.00      1.00      1.00       680
             Soybean-mintill       1.00      1.00      1.00      1719
               Soybean-clean       1.00      0.99      0.99       415
                       Wheat       1.00      1.00      1.00       143
                       Woods       1.00      1.00      1.00       886
Buildings-Grass-Trees-Drives       0.99      1.00      1.00       270
          Stone-Steel-Towers       0.97      1.00      0.98        65

                    accuracy                           1.00      7175
                   macro avg       0.98      1.00      0.99      7175
                weighted avg       1.00      1.00      1.00      7175

[[  32    0    0    0    0    0    0    0    0    0    0    0    0    0
     0    0]
 [   2  992    0    0    0    0    0    0    0    1    3    0    0    0
     2    0]
 [   0    0  577    0    0    0    0    0    4    0    0    0    0    0
     0    0]
 [   0    0    0  166    0    0    0    0    0    0    0    0    0    0
     0    0]
 [   0    0    0    0  338    0    0    0    0    0    0    0    0    0
     0    0]
 [   0    0    0    0    0  511    0    0    0    0    0    0    0    0
     0    0]
 [   0    0    0    0    0    0   20    0    0    0    0    0    0    0
     0    0]
 [   0    0    0    0    0    0    0  335    0    0    0    0    0    0
     0    0]
 [   0    0    0    0    0    0    0    0   14    0    0    0    0    0
     0    0]
 [   0    0    0    0    0    0    0    0    0  680    0    0    0    0
     0    0]
 [   0    0    0    0    0    3    0    0    0    0 1716    0    0    0
     0    0]
 [   0    0    0    2    0    0    0    0    1    1    0  409    0    0
     0    2]
 [   0    0    0    0    0    0    0    0    0    0    0    0  143    0
     0    0]
 [   0    0    0    0    0    0    0    1    0    0    0    0    0  885
     0    0]
 [   0    0    0    0    0    0    0    0    0    0    0    0    0    0
   270    0]
 [   0    0    0    0    0    0    0    0    0    0    0    0    0    0
     0   65]]